0-3

23 31
31 43
43 47
47 59
59 67
67 71
71 79
79 83
83 103
103 107
107 127
127 131
131 139
139 151
151 163
163 167
167 179
179 191
191 199
199 211
211 223
223 227
227 239
239 251
251 263
263 271
271 283
283 307
307 311
311 331
331 347
347 359
359 367
367 379
379 383
383 419
419 431
431 439
439 443
443 463
463 467
467 479
479 487
487 491
491 499
499 503
503 523
523 547
547 563
563 571
571 587
587 599
599 607
607 619
619 631
631 643
643 647
647 659
659 683
683 691
691 719
719 727
727 739
739 743
743 751
751 787
787 811
811 823
823 827
827 839
839 859
859 863
863 883
883 887
887 907
907 911
911 919
919 947
947 967
967 971
971 983
983 991
991 1019
1019 1031
1031 1039
1039 1051
1051 1063
1063 1087
1087 1091
1091 1103
1103 1123
1123 1151
1151 1163
1163 1171
1171 1187
1187 1223
1223 1231
1231 1259
1259 1279
1279 1283
1283 1291
1291 1303
1303 1307
1307 1319
1319 1327
1327 1367
1367 1399
1399 1423
1423 1427
1427 1439
1439 1447
1447 1451
1451 1459
1459 1471
1471 1483
1483 1487
1487 1499
1499 1511
1511 1523
1523 1531
1531 1543
1543 1559
1559 1567
1567 1571
1571 1579
1579 1583
1583 1607
1607 1619
1619 1627
1627 1663
1663 1667
1667 1699
1699 1723
1723 1747
1747 1759
1759 1783
1783 1787
1787 1811
1811 1823
1823 1831
1831 1847
1847 1867
1867 1871
1871 1879
1879 1907
1907 1931
1931 1951
1951 1979
1979 1987
1987 1999
1999 2003
2003 2011
2011 2027
2027 2039
2039 2063
2063 2083
2083 2087
2087 2099
2099 2111
2111 2131
2131 2143
2143 2179
2179 2203
2203 2207
2207 2239
2239 2243
2243 2251
2251 2267
2267 2287
2287 2311
2311 2339
2339 2347
2347 2351
2351 2371
2371 2383
2383 2399
2399 2411
2411 2423
2423 2447
2447 2459
2459 2467
2467 2503
2503 2531
2531 2539
2539 2543
2543 2551
2551 2579
2579 2591
2591 2647
2647 2659
2659 2663
2663 2671
2671 2683
2683 2687
2687 2699
2699 2707
2707 2711
2711 2719
2719 2731
2731 2767
2767 2791
2791 2803
2803 2819
2819 2843
2843 2851
2851 2879
2879 2887
2887 2903
2903 2927
2927 2939
2939 2963
2963 2971
2971 2999
2999 3011
3011 3019
3019 3023
3023 3067
3067 3079
3079 3083
3083 3119
3119 3163
3163 3167
3167 3187
3187 3191
3191 3203
3203 3251
3251 3259
3259 3271
3271 3299
3299 3307
3307 3319
3319 3323
3323 3331
3331 3343
3343 3347
3347 3359
3359 3371
3371 3391
3391 3407
3407 3463
3463 3467
3467 3491
3491 3499
3499 3511
3511 3527
3527 3539
3539 3547
3547 3559
3559 3571
3571 3583
3583 3607
3607 3623
3623 3631
3631 3643
3643 3659
3659 3671
3671 3691
3691 3719
3719 3727
3727 3739
3739 3767
3767 3779
3779 3803
3803 3823
3823 3847
3847 3851
3851 3863
3863 3907
3907 3911
3911 3919
3919 3923
3923 3931
3931 3943
3943 3947
3947 3967
3967 4003
4003 4007
4007 4019
4019 4027
4027 4051
4051 4079
4079 4091
4091 4099
4099 4111
4111 4127
4127 4139
4139 4159
4159 4211
4211 4219
4219 4231
4231 4243
4243 4259
4259 4271
4271 4283
4283 4327
4327 4339
4339 4363
4363 4391
4391 4423
4423 4447
4447 4451
4451 4463
4463 4483
4483 4507
4507 4519
4519 4523
4523 4547
4547 4567
4567 4583
4583 4591
4591 4603
4603 4639
4639 4643
4643 4651
4651 4663
4663 4679
4679 4691
4691 4703
4703 4723
4723 4751
4751 4759
4759 4783
4783 4787
4787 4799
4799 4831
4831 4871
4871 4903
4903 4919
4919 4931
4931 4943
4943 4951
4951 4967
4967 4987
4987 4999
4999 5003
5003 5011
5011 5023
5023 5039
5039 5051
5051 5059
5059 5087
5087 5099
5099 5107
5107 5119
5119 5147
5147 5167
5167 5171
5171 5179
5179 5227
5227 5231
5231 5279
5279 5303
5303 5323
5323 5347
5347 5351
5351 5387
5387 5399
5399 5407
5407 5419
5419 5431
5431 5443
5443 5471
5471 5479
5479 5483
5483 5503
5503 5507
5507 5519
5519 5527
5527 5531
5531 5563
5563 5591
5591 5623
5623 5639
5639 5647
5647 5651
5651 5659
5659 5683
5683 5711
5711 5743
5743 5779
5779 5783
5783 5791
5791 5807
5807 5827
5827 5839
5839 5843
5843 5851
5851 5867
5867 5879
5879 5903
5903 5923
5923 5927
5927 5939
5939 5987
5987 6007
6007 6011
6011 6043
6043 6047
6047 6067
6067 6079
6079 6091
6091 6131
6131 6143
6143 6151
6151 6163
6163 6199
6199 6203
6203 6211
6211 6247
6247 6263
6263 6271
6271 6287
6287 6299
6299 6311
6311 6323
6323 6343
6343 6359
6359 6367
6367 6379
6379 6427
6427 6451
6451 6491
6491 6547
6547 6551
6551 6563
6563 6571
6571 6599
6599 6607
6607 6619
6619 6659
6659 6679
6679 6691
6691 6703
6703 6719
6719 6763
6763 6779
6779 6791
6791 6803
6803 6823
6823 6827
6827 6863
6863 6871
6871 6883
6883 6899
6899 6907
6907 6911
6911 6947
6947 6959
6959 6967
6967 6971
6971 6983
6983 6991
6991 7019
7019 7027
7027 7039
7039 7043
7043 7079
7079 7103
7103 7127
7127 7151
7151 7159
7159 7187
7187 7207
7207 7211
7211 7219
7219 7243
7243 7247
7247 7283
7283 7307
7307 7331
7331 7351
7351 7411
7411 7451
7451 7459
7459 7487
7487 7499
7499 7507
7507 7523
7523 7547
7547 7559
7559 7583
7583 7591
7591 7603
7603 7607
7607 7639
7639 7643
7643 7687
7687 7691
7691 7699
7699 7703
7703 7723
7723 7727
7727 7759
7759 7823
7823 7867
7867 7879
7879 7883
7883 7907
7907 7919
7919 7927
7927 7951
7951 7963
7963 8011
8011 8039
8039 8059
8059 8087
8087 8111
8111 8123
8123 8147
8147 8167
8167 8171
8171 8179
8179 8191
8191 8219
8219 8231
8231 8243
8243 8263
8263 8287
8287 8291
8291 8311
8311 8363
8363 8387
8387 8419
8419 8423
8423 8431
8431 8443
8443 8447
8447 8467
8467 8527
8527 8539
8539 8543
8543 8563
8563 8599
8599 8623
8623 8627
8627 8647
8647 8663
8663 8699
8699 8707
8707 8719
8719 8731
8731 8747
8747 8779
8779 8783
8783 8803
8803 8807
8807 8819
8819 8831
8831 8839
8839 8863
8863 8867
8867 8887
8887 8923
8923 8951
8951 8963
8963 8971
8971 8999
8999 9007
9007 9011
9011 9043
9043 9059
9059 9067
9067 9091
9091 9103
9103 9127
9127 9151
9151 9187
9187 9199
9199 9203
9203 9227
9227 9239
9239 9283
9283 9311
9311 9319
9319 9323
9323 9343
9343 9371
9371 9391
9391 9403
9403 9419
9419 9431
9431 9439
9439 9463
9463 9467
9467 9479
9479 9491
9491 9511
9511 9539
9539 9547
9547 9551
9551 9587
9587 9619
9619 9623
9623 9631
9631 9643
9643 9679
9679 9719
9719 9739
9739 9743
9743 9767
9767 9787
9787 9791
9791 9803
9803 9811
9811 9839
9839 9851
9851 9859
9859 9871
9871 9883
9883 9887
9887 9907
9907 9923
9923 9931
9931 9967
9967 10007
10007 10039
10039 10067
10067 10079
10079 10091
10091 10099
10099 10103
10103 10111
10111 10139
10139 10151
10151 10159
10159 10163
10163 10211
10211 10223
10223 10243
10243 10247
10247 10259
10259 10267
10267 10271
10271 10303
10303 10331
10331 10343
10343 10391
10391 10399
10399 10427
10427 10459
10459 10463
10463 10487
10487 10499
10499 10531
10531 10559
10559 10567
10567 10607
10607 10627
10627 10631
10631 10639
10639 10651
10651 10663
10663 10667
10667 10687
10687 10691
10691 10711
10711 10723
10723 10739
10739 10771
10771 10799
10799 10831
10831 10847
10847 10859
10859 10867
10867 10883
10883 10891
10891 10903
10903 10939
10939 10979
10979 10987
10987 11003
11003 11027
11027 11047
11047 11059
11059 11071
11071 11083
11083 11087
11087 11119
11119 11131
11131 11159
11159 11171
11171 11239
11239 11243
11243 11251
11251 11279
11279 11287
11287 11299
11299 11311
11311 11351
11351 11383
11383 11399
11399 11411
11411 11423
11423 11443
11443 11447
11447 11467
11467 11471
11471 11483
11483 11491
11491 11503
11503 11519
11519 11527
11527 11551
11551 11579
11579 11587
11587 11699
11699 11719
11719 11731
11731 11743
11743 11779
11779 11783
11783 11807
11807 11827
11827 11831
11831 11839
11839 11863
11863 11867
11867 11887
11887 11903
11903 11923
11923 11927
11927 11939
11939 11959
11959 11971
11971 11987
11987 12007
12007 12011
12011 12043
12043 12071
12071 12107
12107 12119
12119 12143
12143 12163
12163 12203
12203 12211
12211 12227
12227 12239
12239 12251
12251 12263
12263 12323
12323 12343
12343 12347
12347 12379
12379 12391
12391 12451
12451 12479
12479 12487
12487 12491
12491 12503
12503 12511
12511 12527
12527 12539
12539 12547
12547 12583
12583 12611
12611 12619
12619 12647
12647 12659
12659 12671
12671 12703
12703 12739
12739 12743
12743 12763
12763 12791
12791 12799
12799 12823
12823 12899
12899 12907
12907 12911
12911 12919
12919 12923
12923 12959
12959 12967
12967 12979
12979 12983
12983 13003
13003 13007
13007 13043
13043 13063
13063 13099
13099 13103
13103 13127
13127 13147
13147 13151
13151 13159
13159 13163
13163 13171
13171 13183
13183 13187
13187 13219
13219 13259
13259 13267
13267 13291
13291 13327
13327 13331
13331 13339
13339 13367
13367 13399
13399 13411
13411 13451
13451 13463
13463 13487
13487 13499
13499 13523
13523 13567
13567 13591
13591 13619
13619 13627
13627 13679
13679 13687
13687 13691
13691 13711
13711 13723
13723 13751
13751 13759
13759 13763
13763 13799
13799 13807
13807 13831
13831 13859
13859 13879
13879 13883
13883 13903
13903 13907
13907 13931
13931 13963
13963 13967
13967 13999
13999 14011
14011 14051
14051 14071
14071 14083
14083 14087
14087 14107
14107 14143
14143 14159
14159 14207
14207 14243
14243 14251
14251 14303
14303 14323
14323 14327
14327 14347
14347 14387
14387 14407
14407 14411
14411 14419
14419 14423
14423 14431
14431 14447
14447 14479
14479 14503
14503 14519
14519 14543
14543 14551
14551 14563
14563 14591
14591 14627
14627 14639
14639 14683
14683 14699
14699 14723
14723 14731
14731 14747
14747 14759
14759 14767
14767 14771
14771 14779
14779 14783
14783 14827
14827 14831
14831 14843
14843 14851
14851 14867
14867 14879
14879 14887
14887 14891
-----------------
14891 14923
14923 14939
14939 14947
14947 14951
14951 14983
14983 15031
15031 15083
15083 15091
15091 15107
15107 15131
15131 15139
15139 15187
15187 15199
15199 15227
15227 15259
15259 15263
15263 15271
15271 15287
15287 15299
15299 15307
15307 15319
15319 15331
15331 15359
15359 15383
15383 15391
15391 15427
15427 15439
15439 15443
15443 15451
15451 15467
15467 15511
15511 15527
15527 15551
15551 15559
15559 15583
15583 15607
15607 15619
15619 15643
15643 15647
15647 15667
15667 15671
15671 15679
15679 15683
15683 15727
15727 15731
15731 15739
15739 15767
15767 15787
15787 15791
15791 15803
15803 15823
15823 15859
15859 15887
15887 15907
15907 15919
15919 15923
15923 15959
15959 15971
15971 15991
15991 16007
16007 16063
16063 16067
16067 16087
16087 16091
16091 16103
16103 16111
16111 16127
16127 16139
16139 16183
16183 16187
16187 16223
16223 16231
16231 16267
16267 16319
16319 16339
16339 16363
16363 16411
16411 16427
16427 16447
16447 16451
16451 16487
16487 16519
16519 16547
16547 16567
16567 16603
16603 16607
16607 16619
16619 16631
16631 16651
16651 16691
16691 16699
16699 16703
16703 16747
16747 16759
16759 16763
16763 16787
16787 16811
16811 16823
16823 16831
16831 16843
16843 16871
16871 16879
16879 16883
16883 16903
16903 16927
16927 16931
16931 16943
16943 16963
16963 16979
16979 16987
16987 17011
17011 17027
17027 17047
17047 17099
17099 17107
17107 17123
17123 17159
17159 17167
17167 17183
17183 17191
17191 17203
17203 17207
17207 17231
17231 17239
17239 17291
17291 17299
17299 17327
17327 17351
17351 17359
17359 17383
17383 17387
17387 17419
17419 17431
17431 17443
17443 17467
17467 17471
17471 17483
17483 17491
17491 17519
17519 17539
17539 17551
17551 17579
17579 17599
17599 17623
17623 17627
17627 17659
17659 17683
17683 17707
17707 17747
17747 17783
17783 17791
17791 17807
17807 17827
17827 17839
17839 17851
17851 17863
17863 17891
17891 17903
17903 17911
17911 17923
17923 17939
17939 17959
17959 17971
17971 17987
17987 18043
18043 18047
18047 18059
18059 18119
18119 18127
18127 18131
18131 18143
18143 18191
18191 18199
18199 18211
18211 18223
18223 18251
18251 18287
18287 18307
18307 18311
18311 18367
18367 18371
18371 18379
18379 18427
18427 18439
18439 18443
18443 18451
18451 18503
18503 18523
18523 18539
18539 18583
18583 18587
18587 18671
18671 18679
18679 18691
18691 18719
18719 18731
18731 18743
18743 18787
18787 18803
18803 18839
18839 18859
18859 18899
18899 18911
18911 18919
18919 18947
18947 18959
18959 18979
18979 19031
19031 19051
19051 19079
19079 19087
19087 19139
19139 19163
19163 19183
19183 19207
19207 19211
19211 19219
19219 19231
19231 19259
19259 19267
19267 19319
19319 19379
19379 19387
19387 19391
19391 19403
19403 19423
19423 19427
19427 19447
19447 19463
19463 19471
19471 19483
19483 19507
19507 19531
19531 19543
19543 19559
19559 19571
19571 19583
19583 19603
19603 19687
19687 19699
19699 19727
19727 19739
19739 19751
19751 19759
19759 19763
19763 19819
19819 19843
19843 19867
19867 19891
19891 19919
19919 19927
19927 19963
19963 19979
19979 19991
19991 20011
20011 20023
20023 20047
20047 20051
20051 20063
20063 20071
20071 20107
20107 20123
20123 20143
20143 20147
20147 20183
20183 20219
20219 20231
20231 20287
20287 20323
20323 20327
20327 20347
20347 20359
20359 20399
20399 20407
20407 20411
20411 20431
20431 20443
20443 20479
20479 20483
20483 20507
20507 20543
20543 20551
20551 20563
20563 20599
20599 20611
20611 20627
20627 20639
20639 20663
20663 20707
20707 20719
20719 20731
20731 20743
20743 20747
20747 20759
20759 20771
20771 20807
20807 20879
20879 20887
20887 20899
20899 20903
20903 20939
20939 20947
20947 20959
20959 20963
20963 20983
20983 21011
21011 21019
21019 21023
21023 21031
21031 21059
21059 21067
21067 21107
21107 21139
21139 21143
21143 21163
21163 21179
21179 21187
21187 21191
21191 21211
21211 21227
21227 21247
21247 21283
21283 21319
21319 21323
21323 21347
21347 21379
21379 21383
21383 21391
21391 21407
21407 21419
21419 21467
21467 21487
21487 21491
21491 21499
21499 21503
21503 21523
21523 21559
21559 21563
21563 21587
21587 21599
21599 21611
21611 21647
21647 21683
21683 21727
21727 21739
21739 21751
21751 21767
21767 21787
21787 21799
21799 21803
21803 21839
21839 21851
21851 21859
21859 21863
21863 21871
21871 21911
21911 21943
21943 21991
21991 22003
22003 22027
22027 22031
22031 22039
22039 22051
22051 22063
22063 22067
22067 22079
22079 22091
22091 22111
22111 22123
22123 22147
22147 22159
22159 22171
22171 22247
22247 22259
22259 22271
22271 22279
22279 22283
22283 22291
22291 22303
22303 22307
22307 22343
22343 22367
22367 22391
22391 22447
22447 22483
22483 22511
22511 22531
22531 22543
22543 22567
22567 22571
22571 22619
22619 22639
22639 22643
22643 22651
22651 22679
22679 22691
22691 22699
22699 22727
22727 22739
22739 22751
22751 22783
22783 22787
22787 22807
22807 22811
22811 22859
22859 22871
22871 22907
22907 22943
22943 22963
22963 23003
23003 23011
23011 23027
23027 23039
23039 23059
23059 23063
23063 23071
23071 23087
23087 23099
23099 23131
23131 23143
23143 23159
23159 23167
23167 23203
23203 23227
23227 23251
23251 23279
23279 23291
23291 23311
23311 23327
23327 23339
23339 23371
23371 23399
23399 23431
23431 23447
23447 23459
23459 23531
23531 23539
23539 23563
23563 23567
23567 23599
23599 23603
23603 23623
23623 23627
23627 23663
23663 23671
23671 23687
23687 23719
23719 23743
23743 23747
23747 23767
23767 23819
23819 23827
23827 23831
23831 23879
23879 23887
23887 23899
23899 23911
23911 23971
23971 24007
24007 24019
24019 24023
24023 24043
24043 24071
24071 24083
24083 24091
24091 24103
24103 24107
24107 24151
24151 24179
24179 24203
24203 24223
24223 24239
24239 24247
24247 24251
24251 24359
24359 24371
24371 24379
24379 24391
24391 24407
24407 24419
24419 24439
24439 24443
24443 24499
24499 24527
24527 24547
24547 24551
24551 24571
24571 24611
24611 24623
24623 24631
24631 24659
24659 24671
24671 24683
24683 24691
24691 24763
24763 24767
24767 24799
24799 24847
24847 24851
24851 24859
24859 24907
24907 24919
24919 24923
24923 24943
24943 24967
24967 24971
24971 24979
24979 25031
25031 25087
25087 25111
25111 25127
25127 25147
25147 25163
25163 25171
25171 25183
25183 25219
25219 25243
25243 25247
25247 25303
25303 25307
25307 25339
25339 25343
25343 25367
25367 25391
25391 25411
25411 25423
25423 25439
25439 25447
25447 25463
25463 25471
25471 25523
25523 25579
25579 25583
25583 25603
25603 25639
25639 25643
25643 25667
25667 25679
25679 25703
25703 25747
25747 25759
25759 25763
25763 25771
25771 25799
25799 25819
25819 25847
25847 25867
25867 25903
25903 25919
25919 25931
25931 25939
25939 25943
25943 25951
25951 25999
25999 26003
26003 26083
26083 26099
26099 26107
26107 26111
26111 26119
26119 26171
26171 26183
26183 26203
26203 26227
26227 26251
26251 26263
26263 26267
26267 26339
26339 26347
26347 26371
26371 26387
26387 26399
26399 26407
26407 26423
26423 26431
26431 26459
26459 26479
26479 26539
26539 26591
26591 26627
26627 26647
26647 26683
26683 26687
26687 26699
26699 26711
26711 26723
26723 26731
26731 26759
26759 26783
26783 26839
26839 26863
26863 26879
26879 26891
26891 26903
26903 26927
26927 26947
26947 26951
26951 26959
26959 26987
26987 27011
27011 27031
27031 27043
27043 27059
27059 27067
27067 27091
27091 27103
27103 27107
27107 27127
27127 27143
27143 27179
27179 27191
27191 27211
27211 27239
27239 27259
27259 27271
27271 27283
27283 27299
27299 27367
27367 27407
27407 27427
27427 27431
27431 27479
27479 27487
27487 27527
27527 27539
27539 27551
27551 27583
27583 27611
27611 27631
27631 27647
27647 27691
27691 27739
27739 27743
27743 27751
27751 27763
27763 27767
27767 27779
27779 27791
27791 27799
27799 27803
27803 27823
27823 27827
27827 27847
27847 27851
27851 27883
27883 27919
27919 27943
27943 27947
27947 27967
27967 27983
27983 28019
28019 28027
28027 28031
28031 28051
28051 28087
28087 28099
28099 28111
28111 28123
28123 28151
28151 28163
28163 28183
28183 28211
28211 28219
28219 28279
28279 28283
28283 28307
28307 28319
28319 28351
28351 28387
28387 28403
28403 28411
28411 28439
28439 28447
28447 28463
28463 28499
28499 28547
28547 28559
28559 28571
28571 28579
28579 28591
28591 28603
28603 28607
28607 28619
28619 28627
28627 28631
28631 28643
28643 28663
28663 28687
28687 28703
28703 28711
28711 28723
28723 28751
28751 28759
28759 28771
28771 28807
28807 28843
28843 28859
28859 28867
28867 28871
28871 28879
28879 28927
28927 28979
28979 29023
29023 29027
29027 29059
29059 29063
29063 29123
29123 29131
29131 29147
29147 29167
29167 29179
29179 29191
29191 29207
29207 29231
29231 29243
29243 29251
29251 29287
29287 29303
29303 29311
29311 29327
29327 29339
29339 29347
29347 29363
29363 29383
29383 29387
29387 29399
29399 29411
29411 29423
29423 29443
29443 29483
29483 29527
29527 29531
29531 29567
29567 29587
29587 29599
29599 29611
29611 29663
29663 29671
29671 29683
29683 29723
29723 29759
29759 29803
29803 29819
29819 29851
29851 29863
29863 29867
29867 29879
29879 29927
29927 29947
29947 29959
29959 29983
29983 30011
30011 30047
30047 30059
30059 30071
30071 30091
30091 30103
30103 30119
30119 30139
30139 30187
30187 30203
30203 30211
30211 30223
30223 30259
30259 30271
30271 30307
30307 30319
30319 30323
30323 30347
30347 30367
30367 30391
30391 30403
30403 30427
30427 30431
30431 30467
30467 30491
30491 30539
30539 30559
30559 30631
30631 30643
30643 30671
30671 30703
30703 30707
30707 30727
30727 30763
30763 30803
30803 30839
30839 30851
30851 30859
30859 30871
30871 30911
30911 30931
30931 30971
30971 30983
30983 31019
31019 31039
31039 31051
31051 31063
31063 31079
31079 31091
31091 31123
31123 31139
31139 31147
31147 31151
31151 31159
31159 31183
31183 31219
31219 31223
31223 31231
31231 31247
31247 31259
31259 31267
31267 31271
31271 31307
31307 31319
31319 31327
31327 31379
31379 31387
31387 31391
31391 31511
31511 31531
31531 31543
31543 31547
31547 31567
31567 31583
31583 31607
31607 31627
31627 31643
31643 31663
31663 31667
31667 31687
31687 31699
31699 31723
31723 31727
31727 31751
31751 31771
31771 31799
31799 31847
31847 31859
31859 31883
31883 31891
31891 31907
31907 31963
31963 31991
31991 32003
32003 32027
32027 32051
32051 32059
32059 32063
32063 32083
32083 32099
32099 32119
32119 32143
32143 32159
32159 32183
32183 32191
32191 32203
32203 32251
32251 32299
32299 32303
32303 32323
32323 32327
32327 32359
32359 32363
32363 32371
32371 32411
32411 32423
32423 32443
32443 32467
32467 32479
32479 32491
32491 32503
32503 32507
32507 32531
32531 32563
32563 32579
32579 32587
32587 32603
32603 32611
32611 32647
32647 32687
32687 32707
32707 32719
32719 32771
32771 32779
32779 32783
32783 32803
32803 32831
32831 32839
32839 32843
32843 32887
32887 32911
32911 32939
32939 32971
32971 32983
32983 32987
32987 32999
32999 33023
33023 33071
33071 33083
33083 33091
33091 33107
33107 33119
33119 33151
33151 33179
33179 33191
33191 33199
33199 33203
33203 33211
33211 33223
33223 33247
33247 33287
33287 33311
33311 33331
33331 33343
33343 33347
33347 33359
33359 33391
33391 33403
33403 33427
33427 33479
33479 33487
33487 33503
33503 33547
33547 33563
33563 33587
33587 33599
33599 33619
33619 33623
33623 33647
33647 33679
33679 33703
33703 33739
33739 33751
33751 33767
33767 33791
33791 33811
33811 33827
33827 33851
33851 33863
33863 33871
33871 33911
33911 33923
33923 33931
33931 33967
33967 34019
34019 34031
34031 34039
34039 34123
34123 34127
34127 34147
34147 34159
34159 34171
34171 34183
34183 34211
34211 34231
34231 34259
34259 34267
34267 34283
34283 34303
34303 34319
34319 34327
34327 34351
34351 34367
34367 34403
34403 34439
34439 34471
34471 34483
34483 34487
34487 34499
34499 34511
34511 34519
34519 34543
34543 34583
34583 34591
34591 34603
34603 34607
34607 34631
34631 34651
34651 34667
34667 34679
34679 34687
34687 34703
34703 34739
34739 34747
34747 34759
34759 34763
34763 34807
34807 34819
34819 34843
34843 34847
34847 34871
34871 34883
34883 34919
34919 34939
34939 34963
34963 35023
35023 35027
35027 35051
35051 35059
35059 35083
35083 35099
35099 35107
35107 35111
35111 35159
35159 35171
35171 35227
35227 35251
35251 35267
35267 35279
35279 35291
35291 35311
35311 35323
35323 35327
35327 35339
35339 35363
35363 35407
35407 35419
35419 35423
35423 35447
35447 35491
35491 35507
35507 35527
35527 35531
35531 35543
35543 35591
35591 35603
35603 35671
35671 35731
35731 35747
35747 35759
35759 35771
35771 35803
35803 35831
35831 35839
35839 35851
35851 35863
35863 35879
35879 35899
35899 35911
35911 35923
35923 35951
35951 35963
35963 35983
35983 35999
35999 36007
36007 36011
36011 36067
36067 36083
36083 36107
36107 36131
36131 36151
36151 36187
36187 36191
36191 36251
36251 36263
36263 36299
36299 36307
36307 36319
36319 36343
36343 36383
36383 36451
36451 36467
36467 36479
36479 36523
36523 36527
36527 36551
36551 36559
36559 36563
36563 36571
36571 36583
36583 36587
36587 36599
36599 36607
36607 36643
36643 36671
36671 36683
36683 36691
36691 36739
36739 36767
36767 36779
36779 36787
36787 36791
36791 36847
36847 36871
36871 36887
36887 36899
36899 36919
36919 36923
36923 36931
36931 36943
36943 36947
36947 36979
36979 37003
37003 37019
37019 37039
37039 37087
37087 37123
37123 37139
37139 37159
37159 37171
37171 37199
37199 37223
37223 37243
37243 37307
37307 37339
37339 37363
37363 37379
37379 37423
37423 37447
37447 37463
37463 37483
37483 37507
37507 37511
37511 37547
37547 37567
37567 37571
37571 37579
37579 37591
37591 37607
37607 37619
37619 37643
37643 37663
37663 37691
37691 37699
37699 37747
37747 37783
37783 37799
37799 37811
37811 37831
37831 37847
37847 37871
37871 37879
37879 37907
37907 37951
37951 37963
37963 37967
37967 37987
37987 37991
37991 38011
38011 38039
38039 38047
38047 38083
38083 38119
38119 38167
38167 38183
38183 38219
38219 38231
38231 38239
38239 38287
38287 38299
38299 38303
38303 38327
38327 38351
38351 38371
38371 38431
38431 38447
38447 38459
38459 38543
38543 38567
38567 38603
38603 38611
38611 38639
38639 38651
38651 38671
38671 38699
38699 38707
38707 38711
38711 38723
38723 38747
38747 38767
38767 38783
38783 38791
38791 38803
38803 38839
38839 38851
38851 38867
38867 38891
38891 38903
38903 38923
38923 38959
38959 38971
38971 39019
39019 39023
39023 39043
39043 39047
39047 39079
39079 39103
39103 39107
39107 39119
39119 39139
39139 39163
39163 39191
39191 39199
39199 39227
39227 39239
39239 39251
39251 39323
39323 39343
39343 39359
39359 39367
39367 39371
39371 39383
39383 39419
39419 39439
39439 39443
39443 39451
39451 39499
39499 39503
39503 39511
39511 39551
39551 39563
39563 39607
39607 39619
39619 39623
39623 39631
39631 39659
39659 39667
39667 39671
39671 39679
39679 39703
39703 39719
39719 39727
39727 39779
39779 39791
39791 39799
39799 39827
39827 39839
39839 39847
39847 39863
39863 39883
39883 39887
39887 39971
39971 39979
39979 39983
39983 40031
40031 40039
40039 40063
40063 40087
40087 40099
40099 40111
40111 40123
40123 40127
40127 40151
40151 40163
40163 40231
40231 40283
40283 40343
40343 40351
40351 40387
40387 40423
40423 40427
40427 40459
40459 40471
40471 40483
40483 40487
40487 40499
40499 40507
40507 40519
40519 40531
40531 40543
40543 40559
40559 40583
40583 40591
40591 40627
40627 40639
40639 40699
40699 40739
40739 40751
40751 40759
40759 40763
40763 40771
40771 40787
40787 40819
40819 40823
40823 40847
40847 40867
40867 40879
40879 40883
40883 40903
40903 40927
40927 40939
40939 41011
41011 41023
41023 41039
41039 41047
41047 41051
41051 41131
41131 41143
41143 41179
41179 41183
41183 41203
41203 41227
41227 41231
41231 41243
41243 41263
41263 41299
41299 41351
41351 41387
41387 41399
41399 41411
41411 41443
41443 41467
41467 41479
41479 41491
41491 41507
41507 41519
41519 41539
41539 41543
41543 41579
41579 41603
41603 41611
41611 41627
41627 41647
41647 41651
41651 41659
41659 41687
41687 41719
41719 41759
41759 41771
41771 41843
41843 41851
41851 41863
41863 41879
41879 41887
41887 41903
41903 41911
41911 41927
41927 41947
41947 41959
41959 41983
41983 41999
41999 42019
42019 42023
42023 42043
42043 42071
42071 42083
42083 42131
42131 42139
42139 42179
42179 42187
42187 42223
42223 42227
42227 42239
42239 42283
42283 42299
42299 42307
42307 42323
42323 42331
42331 42359
42359 42379
42379 42391
42391 42403
42403 42407
42407 42443
42443 42451
42451 42463
42463 42467
42467 42487
42487 42491
42491 42499
42499 42571
42571 42611
42611 42643
42643 42667
42667 42683
42683 42703
42703 42719
42719 42727
42727 42743
42743 42751
42751 42767
42767 42787
42787 42839
42839 42859
42859 42863
42863 42899
42899 42923
42923 42943
42943 42967
42967 42979
42979 43003
43003 43019
43019 43051
43051 43063
43063 43067
43067 43103
43103 43151
43151 43159
43159 43207
43207 43223
43223 43271
43271 43283
43283 43291
43291 43319
43319 43331
43331 43391
43391 43399
43399 43403
43403 43411
43411 43427
43427 43451
43451 43487
43487 43499
43499 43543
43543 43579
43579 43591
43591 43607
43607 43627
43627 43651
43651 43691
43691 43711
43711 43759
43759 43783
43783 43787
43787 43867
43867 43891
43891 43943
43943 43951
43951 43963
43963 43987
43987 43991
43991 44027
44027 44059
44059 44071
44071 44087
44087 44111
44111 44119
44119 44123
44123 44131
44131 44159
44159 44171
44171 44179
44179 44203
44203 44207
44207 44263
44263 44267
44267 44279
44279 44351
44351 44371
44371 44383
44383 44483
44483 44491
44491 44507
44507 44519
44519 44531
44531 44543
44543 44563
44563 44579
44579 44587
44587 44623
44623 44647
44647 44651
44651 44683
44683 44687
44687 44699
44699 44711
44711 44771
44771 44819
44819 44839
44839 44843
44843 44851
44851 44867
44867 44879
44879 44887
44887 44927
44927 44939
44939 44959
44959 44963
44963 44971
44971 44983
44983 44987
44987 45007
45007 45083
45083 45119
45119 45127
45127 45131
45131 45139
45139 45179
45179 45191
45191 45247
45247 45259
45259 45263
45263 45307
45307 45319
45319 45343
45343 45403
45403 45427
45427 45439
45439 45491
45491 45503
45503 45523
45523 45587
45587 45599
45599 45631
45631 45659
45659 45667
45667 45691
45691 45707
45707 45751
45751 45763
45763 45767
45767 45779
45779 45823
45823 45827
45827 45863
45863 45887
45887 45943
45943 45959
45959 45971
45971 45979
45979 46027
46027 46051
46051 46091
46091 46099
46099 46103
46103 46147
46147 46171
46171 46183
46183 46187
46187 46199
46199 46219
46219 46271
46271 46279
